0.00 0.00 0.00 0.00 0.00 0.00 0.00 0.00 0.00 0.00 0.00 0.00 0.00 0.00 0.00 0.00 0.00 0.00 0.00 0.00 0.00 0.00 0.00 0.00 0.00 0.00 0.00 0.00 0.00 0.00 0.00 0.00 0.00 0.00 0.00 0.00 0.00 0.00 0.00 0.00 0.00 0.00 0.00 0.00 0.00 0.00 0.00 0.00 0.00 0.00 0.00 0.00 0.00 0.00 0.00 0.00 0.00 0.00 0.00 0.00 0.00 0.00 0.00 0.00 0.00 0.00 0.00 0.00 0.00 0.00 0.00 0.00 0.00 0.00 0.00 0.00 0.00 0.00 0.00 0.00 0.00 0.00 0.00 0.00 0.00 0.00 0.00 0.00 0.00 0.00 0.00 0.00 0.00 0.00 0.00 0.00 0.00 0.00 0.00 0.00 0.00 0.00 0.00 0.00 0.00 0.00 0.00 0.00 0.00 0.00 0.00 0.00 0.00 0.00 0.00 0.00
0.00 0.00 0.00 0.00 0.00 0.00 0.00 0.00 0.00 0.00 0.00 0.00 0.00 0.00 0.00 0.00 0.00 0.00 0.00 0.00 0.00 0.00 0.00 0.00 0.00 0.00 0.00 0.00 0.00 0.00 0.00 0.00 0.00 0.00 0.00 0.00 0.00 0.00 0.00 0.00 0.00 0.00 0.00 0.00 0.00 0.00 0.00 0.00 0.00 0.00 0.00 0.00 0.00 0.00 0.00 0.00 0.00 0.00 0.00 0.00 0.00 0.00 0.00 0.00 0.00 0.00 0.00 0.00 0.00 0.00 0.00 0.00 0.00 0.00 0.00 0.00 0.00 0.00 0.00 0.00 0.00 0.00 0.00 0.00 0.00 0.00 0.00 0.00 0.00 0.00 0.00 0.00 0.00 0.00 0.00 0.00 0.00 0.00 0.00 0.00 0.00 0.00 0.00 0.00 0.00 0.00 0.00 0.00 0.00 0.00 0.00 0.00 0.00 0.00 0.00 0.00
0.00 0.00 0.00 0.00 0.00 0.00 0.00 0.00 0.00 0.00 0.00 0.00 0.00 0.00 0.00 0.00 0.00 0.00 0.00 0.00 0.00 0.00 0.00 0.00 0.00 0.00 0.00 0.00 0.00 0.00 0.00 0.00 0.00 0.00 0.00 0.00 0.00 0.00 0.00 0.00 0.00 0.00 0.00 0.00 0.00 0.00 0.00 0.00 0.00 0.00 0.00 0.00 0.00 0.00 0.00 0.00 0.00 0.00 0.00 0.00 0.00 0.00 0.00 0.00 0.00 0.00 0.00 0.00 0.00 0.00 0.00 0.00 0.00 0.00 0.00 0.00 0.00 0.00 0.00 0.00 0.00 0.00 0.00 0.00 0.00 0.00 0.00 0.00 0.00 0.00 0.00 0.00 0.00 0.00 0.00 0.00 0.00 0.00 0.00 0.00 0.00 0.00 0.00 0.00 0.00 0.00 0.00 0.00 0.00 0.00 0.00 0.00 0.00 0.00 0.00 0.00
0.00 0.00 0.00 0.33 1.00 1.33 1.00 0.00 0.80 0.00 0.80 3.50 1.83 1.00 1.25 0.50 1.00 1.14 0.50 1.00 3.00 0.33 1.33 1.00 2.00 3.00 1.00 0.50 0.40 0.33 2.00 5.00 1.50 2.00 2.80 2.83 1.50 1.55 1.71 1.80 0.50 1.25 0.00 0.00 0.00 0.00 0.00 0.00 0.00 0.00 0.00 0.00 0.00 3.50 0.50 0.50 1.50 1.00 3.00 1.50 1.25 1.75 9.00 1.20 1.50 2.83 0.00 3.00 1.33 1.33 2.00 3.33 4.50 0.00 2.33 1.00 3.33 3.75 1.67 2.50 1.00 0.00 2.25 0.00 1.00 2.25 1.33 0.00 1.50 1.57 2.00 1.17 2.33 0.25 0.00 0.17 0.83 0.33 0.20 0.00 0.00 5.67 6.00 4.00 3.56 0.00 3.00 3.67 0.50 5.67 1.50 0.00 0.00 0.00 0.00 0.00
0.00 0.00 0.00 0.67 0.33 0.80 1.17 2.50 1.33 0.67 0.67 2.00 1.33 1.17 1.25 1.00 0.00 0.00 3.00 3.00 3.00 1.33 1.60 2.33 1.56 0.00 1.57 2.60 3.00 2.33 2.25 2.00 2.67 3.25 2.00 2.57 4.20 2.40 3.00 0.00 5.00 6.75 1.25 5.00 1.00 1.00 1.75 1.25 1.33 3.40 1.75 2.00 2.20 3.50 1.80 1.00 2.00 3.75 2.00 3.17 1.75 4.00 2.67 0.00 2.33 1.50 5.00 1.40 2.50 2.00 3.50 4.00 3.00 3.00 2.00 0.00 3.00 2.20 1.00 1.67 1.50 2.75 4.50 2.00 1.50 2.00 2.25 1.67 0.67 0.00 1.67 2.50 0.25 1.67 1.00 1.80 0.50 1.00 0.67 0.00 0.00 1.33 3.67 0.00 4.33 4.67 7.00 3.00 2.50 3.50 4.00 0.00 0.00 0.00 0.00 0.00
0.00 0.00 0.00 2.20 0.67 0.00 0.00 0.00 0.00 0.00 0.00 0.00 0.00 0.00 0.00 0.00 0.00 0.00 0.00 0.00 0.00 0.00 0.00 0.00 0.00 0.00 0.00 0.00 0.00 0.00 0.00 0.00 0.00 0.00 0.00 0.00 0.00 0.00 0.00 0.00 0.00 0.00 0.00 3.33 2.25 3.00 3.50 3.75 3.80 3.00 2.00 1.33 2.00 0.00 0.00 0.00 0.00 0.00 0.00 0.00 0.00 0.00 0.00 0.00 0.00 0.00 0.00 0.00 0.00 0.00 0.00 0.00 0.00 0.00 0.00 0.00 0.00 0.00 0.00 0.00 0.00 0.00 0.00 0.00 0.00 0.00 0.00 0.00 0.00 0.00 0.00 0.00 0.00 0.00 0.00 0.00 0.00 0.00 0.00 0.50 0.00 4.50 5.75 0.00 0.00 0.00 0.00 0.00 0.00 9.00 3.00 0.00 0.00 0.00 0.00 0.00
0.00 0.00 0.00 0.00 0.50 0.00 0.00 0.00 0.00 0.00 0.00 0.00 0.00 0.00 0.00 0.00 0.00 0.00 0.00 0.00 0.00 0.00 0.00 0.00 0.00 0.00 0.00 0.00 0.00 0.00 0.00 0.00 0.00 0.00 0.00 0.00 0.00 0.00 0.00 0.00 0.00 0.00 0.00 0.00 0.00 0.00 0.00 0.00 0.00 0.00 0.00 0.00 0.00 0.00 0.00 0.00 0.00 0.00 0.00 0.00 0.00 0.00 0.00 0.00 0.00 0.00 0.00 0.00 0.00 0.00 0.00 0.00 0.00 0.00 0.00 0.00 0.00 0.00 0.00 0.00 0.00 0.00 0.00 0.00 0.00 0.00 0.00 0.00 0.00 0.00 0.00 0.00 0.00 0.00 0.00 0.00 0.00 0.00 0.20 0.00 0.00 7.00 7.67 0.00 0.00 0.00 0.00 0.00 0.00 3.17 4.60 0.00 0.00 0.00 0.00 0.00
0.00 0.00 0.00 1.33 0.00 0.00 0.00 0.00 0.00 0.00 0.00 0.00 0.00 0.00 0.00 0.00 0.00 0.00 0.00 0.00 0.00 0.00 0.00 0.00 0.00 0.00 0.00 0.00 0.00 0.00 0.00 0.00 0.00 0.00 0.00 0.00 0.00 0.00 0.00 0.00 0.00 0.00 0.00 0.00 0.00 0.00 0.00 0.00 0.00 0.00 0.00 0.00 0.00 0.00 0.00 0.00 0.00 0.00 0.00 0.00 0.00 0.00 0.00 0.00 0.00 0.00 0.00 0.00 0.00 0.00 0.00 0.00 0.00 0.00 0.00 0.00 0.00 0.00 0.00 0.00 0.00 0.00 0.00 0.00 0.00 0.00 0.00 0.00 0.00 0.00 0.00 0.00 0.00 0.00 0.00 0.00 0.00 0.00 1.33 0.00 0.00 5.75 11.00 0.00 0.00 0.00 0.00 0.00 0.00 9.67 5.20 0.00 0.00 0.00 0.00 0.00
0.00 0.00 0.00 0.38 2.50 0.00 0.00 0.00 0.00 0.00 0.00 0.00 0.00 0.00 0.00 0.00 0.00 0.00 0.00 0.00 0.00 0.00 0.00 0.00 0.00 0.00 0.00 0.00 0.00 0.00 0.00 0.00 0.00 0.00 0.00 0.00 0.00 0.00 0.00 0.00 0.00 0.00 0.00 0.00 0.00 0.00 0.00 0.00 0.00 0.00 0.00 0.00 0.00 0.00 0.00 0.00 0.00 0.00 0.00 0.00 0.00 0.00 0.00 0.00 0.00 0.00 0.00 0.00 0.00 0.00 0.00 0.00 0.00 0.00 0.00 0.00 0.00 0.00 0.00 0.00 0.00 0.00 0.00 0.00 0.00 0.00 0.00 0.00 0.00 0.00 0.00 0.00 0.00 0.00 0.00 0.00 0.00 0.00 1.40 0.00 0.00 2.50 6.50 0.00 0.00 0.00 0.00 0.00 0.00 5.00 0.00 0.00 0.00 0.00 0.00 0.00
0.00 0.00 0.00 3.00 2.25 0.00 0.00 0.00 0.00 0.00 0.00 0.00 1.75 4.00 2.00 0.67 0.00 0.00 0.00 0.00 0.00 0.00 3.00 1.67 1.00 2.33 0.00 0.00 0.00 0.00 0.00 0.00 3.00 3.00 0.00 2.75 0.00 0.00 0.00 0.00 0.00 0.00 3.40 4.00 3.00 5.50 0.00 0.00 0.00 0.00 0.00 0.00 2.75 3.00 5.25 3.00 0.00 0.00 0.00 0.00 0.00 0.00 3.00 6.60 4.00 4.33 0.00 0.00 0.00 0.00 0.00 0.00 0.00 1.00 0.00 3.67 0.00 0.00 0.00 0.00 0.00 0.00 0.00 3.00 3.00 3.00 0.00 0.00 0.00 0.00 0.00 0.00 0.00 0.00 0.00 0.00 0.00 0.00 2.25 1.00 0.00 3.00 7.00 0.00 0.00 0.00 0.00 0.00 0.00 6.00 9.00 0.00 0.00 0.00 0.00 0.00
0.00 0.00 0.00 1.33 1.00 0.00 0.00 0.00 0.00 0.00 0.00 0.00 3.67 1.00 1.00 3.33 0.00 0.00 0.00 0.00 0.00 0.00 1.60 3.00 1.33 2.50 0.00 0.00 0.00 0.00 0.00 0.00 3.67 1.00 3.33 4.33 0.00 0.00 0.00 0.00 0.00 0.00 0.00 3.00 5.80 5.67 0.00 0.00 0.00 0.00 0.00 0.00 0.00 3.00 5.00 3.00 0.00 0.00 0.00 0.00 0.00 0.00 9.40 3.33 1.33 3.00 0.00 0.00 0.00 0.00 0.00 0.00 0.00 1.00 0.00 3.00 0.00 0.00 0.00 0.00 0.00 0.00 0.00 5.50 3.00 2.00 0.00 0.00 0.00 0.00 0.00 0.00 0.00 0.00 0.00 0.00 0.00 0.00 3.00 0.00 0.00 11.00 7.50 0.00 0.00 0.00 0.00 0.00 0.00 6.75 9.00 0.00 0.00 0.00 0.00 0.00
0.00 0.00 0.00 1.33 1.67 0.00 0.00 0.00 0.00 0.00 0.67 1.00 0.00 0.00 0.00 0.00 5.00 4.50 0.00 0.00 1.25 5.67 0.00 0.00 0.00 0.00 3.00 1.00 0.00 0.00 4.00 0.00 0.00 0.00 0.00 0.00 4.33 1.60 0.00 0.00 7.50 2.00 0.00 0.00 0.00 0.00 1.67 3.40 0.00 0.00 3.00 5.00 0.00 0.00 0.00 0.00 3.50 6.00 0.00 0.00 2.00 6.00 0.00 0.00 0.00 0.00 1.00 3.00 0.00 0.00 6.00 3.00 0.00 0.00 0.00 0.00 4.00 5.00 0.00 0.00 2.33 3.00 0.00 0.00 0.00 0.00 4.20 2.00 0.00 0.00 0.00 0.00 0.00 0.00 0.00 0.00 0.00 0.00 1.33 3.00 0.00 8.67 7.57 0.00 0.00 0.00 0.00 0.00 0.00 5.25 5.00 0.00 0.00 0.00 0.00 0.00
0.00 0.00 0.00 0.00 1.67 1.67 0.00 0.00 0.00 0.00 1.50 0.33 0.00 0.00 0.00 0.00 3.00 2.33 0.00 0.00 2.00 2.00 0.00 0.00 0.00 0.00 3.00 1.33 0.00 0.00 3.67 1.40 0.00 0.00 0.00 0.00 11.00 0.00 0.00 0.00 7.00 6.33 0.00 0.00 0.00 0.00 3.00 2.43 0.00 0.00 3.00 3.33 0.00 0.00 0.00 0.00 5.00 3.00 0.00 0.00 5.00 6.00 0.00 0.00 0.00 0.00 4.50 3.50 0.00 0.00 6.00 3.60 0.00 0.00 0.00 0.00 3.12 3.67 0.00 0.00 4.00 6.50 0.00 0.00 0.00 0.00 2.67 2.00 0.00 0.00 0.00 0.00 0.00 0.00 0.00 0.00 0.00 0.00 0.50 1.50 0.00 3.00 12.43 0.00 0.00 0.00 0.00 0.00 0.00 4.00 7.67 0.00 0.00 0.00 0.00 0.00
0.00 0.00 0.00 0.00 1.67 0.00 0.00 0.00 0.00 0.00 1.00 0.33 0.00 0.00 0.00 0.00 2.67 1.00 0.00 0.00 9.00 0.60 0.00 0.00 0.00 0.00 0.33 4.20 0.00 0.00 0.00 1.00 0.00 0.00 0.00 0.00 2.00 0.00 0.00 0.00 0.00 0.00 0.00 0.00 0.00 0.00 5.00 3.50 0.00 0.00 2.67 5.00 0.00 0.00 0.00 0.00 3.00 5.50 0.00 0.00 4.20 1.00 0.00 0.00 0.00 0.00 5.00 2.00 0.00 0.00 3.00 4.30 0.00 0.00 0.00 0.00 4.00 0.00 0.00 0.00 3.80 0.00 0.00 0.00 0.00 0.00 3.00 5.00 0.00 0.00 0.00 0.00 0.00 0.00 0.00 0.00 0.00 0.00 3.67 0.50 0.00 9.00 8.50 0.00 0.00 0.00 0.00 0.00 0.00 9.67 8.00 0.00 0.00 0.00 0.00 0.00
0.00 0.00 0.00 0.00 1.00 1.00 0.00 0.00 0.00 0.00 2.50 0.00 0.00 0.00 0.00 0.00 2.00 6.33 0.00 0.00 4.00 2.75 0.00 0.00 0.00 0.00 3.00 2.67 0.00 0.00 6.33 5.50 0.00 0.00 0.00 0.00 1.00 1.80 0.00 0.00 2.00 5.00 0.00 0.00 0.00 0.00 3.00 3.00 0.00 0.00 1.25 3.00 0.00 0.00 0.00 0.00 2.00 1.00 0.00 0.00 9.00 3.50 0.00 0.00 0.00 0.00 2.33 3.25 0.00 0.00 5.00 2.50 0.00 0.00 0.00 0.00 1.00 5.50 0.00 0.00 0.50 5.00 0.00 0.00 0.00 0.00 2.25 4.33 0.00 0.00 0.00 0.00 0.00 0.00 0.00 0.00 0.00 0.00 2.00 1.00 0.00 13.67 10.50 0.00 0.00 0.00 0.00 0.00 0.00 7.00 7.00 0.00 0.00 0.00 0.00 0.00
0.00 0.00 0.00 0.00 0.50 1.40 0.00 0.00 0.00 0.00 1.67 2.00 0.00 0.00 0.00 0.00 2.00 4.33 0.00 0.00 7.00 3.00 0.00 0.00 0.00 0.00 2.50 2.00 0.00 0.00 3.00 2.00 0.00 0.00 0.00 0.00 4.00 4.20 0.00 0.00 2.57 4.00 0.00 0.00 0.00 0.00 4.33 2.67 0.00 0.00 2.00 2.00 0.00 0.00 0.00 0.00 3.00 3.00 0.00 0.00 3.50 5.00 0.00 0.00 0.00 0.00 4.33 11.00 0.00 0.00 5.67 0.50 0.00 0.00 0.00 0.00 1.33 3.00 0.00 0.00 7.00 1.50 0.00 0.00 0.00 0.00 1.00 2.33 0.00 0.00 0.00 0.00 0.00 0.00 0.00 0.00 0.00 0.00 4.50 3.57 0.00 1.00 6.33 0.00 0.00 0.00 0.00 0.00 0.00 4.33 0.00 0.00 0.00 0.00 0.00 0.00
0.00 0.00 0.00 0.00 0.50 1.00 0.00 0.00 0.00 0.00 1.17 1.00 0.00 0.00 0.00 0.00 1.00 2.33 0.00 0.00 3.00 2.00 0.00 0.00 0.00 0.00 4.22 0.00 0.00 0.00 5.00 1.67 0.00 0.00 0.00 0.00 4.40 0.00 0.00 0.00 0.00 1.00 0.00 0.00 0.00 0.00 2.33 2.00 0.00 0.00 5.67 2.00 0.00 0.00 0.00 0.00 2.33 2.00 0.00 0.00 3.67 1.33 0.00 0.00 0.00 0.00 3.00 0.00 0.00 0.00 0.50 3.00 0.00 0.00 0.00 0.00 9.00 2.33 0.00 0.00 3.67 1.33 0.00 0.00 0.00 0.00 1.75 3.40 0.00 0.00 0.00 0.00 0.00 0.00 0.00 0.00 0.00 0.00 3.40 3.25 0.00 10.00 5.00 15.00 0.00 0.00 7.80 12.00 7.62 5.33 4.00 0.00 0.00 0.00 0.00 0.00
0.00 0.00 0.00 0.00 0.33 0.33 0.00 0.00 0.00 0.00 0.50 2.50 0.00 0.00 0.00 0.00 1.00 1.00 0.00 0.00 1.67 0.67 0.00 0.00 0.00 0.00 3.57 4.57 0.00 0.00 3.25 1.75 0.00 0.00 0.00 0.00 2.60 3.00 0.00 0.00 3.00 5.00 0.00 0.00 0.00 0.00 2.80 4.00 0.00 0.00 4.33 6.33 0.00 0.00 0.00 0.00 4.67 2.50 0.00 0.00 1.50 2.25 0.00 0.00 0.00 0.00 5.67 4.67 0.00 0.00 3.71 3.67 0.00 0.00 0.00 0.00 2.78 1.67 0.00 0.00 5.00 2.86 0.00 0.00 0.00 0.00 3.00 6.00 0.00 0.00 0.00 0.00 0.00 0.00 0.00 0.00 0.00 0.00 10.20 2.25 0.00 10.00 7.50 9.50 0.00 0.00 0.00 4.60 9.17 5.00 8.00 0.00 0.00 0.00 0.00 0.00
0.00 0.00 0.00 0.00 0.75 0.25 0.00 0.00 0.00 0.00 0.75 0.50 0.00 0.00 0.00 0.00 2.00 7.00 0.00 0.00 1.50 1.00 0.00 0.00 0.00 0.00 2.00 0.00 0.00 0.00 3.00 5.00 0.00 0.00 0.00 0.00 2.25 1.00 0.00 0.00 5.00 3.25 0.00 0.00 0.00 0.00 5.00 3.00 0.00 0.00 1.00 2.00 0.00 0.00 0.00 0.00 0.00 3.00 0.00 0.00 6.00 2.67 0.00 0.00 0.00 0.00 3.29 3.00 0.00 0.00 2.75 1.50 0.00 0.00 0.00 0.00 2.75 1.00 0.00 0.00 0.00 2.60 0.00 0.00 0.00 0.00 3.00 2.50 0.00 0.00 0.00 0.00 0.00 0.00 0.00 0.00 0.00 0.00 11.00 10.33 0.00 0.00 0.00 0.00 8.20 9.00 0.00 0.00 0.00 0.00 0.00 0.00 0.00 0.00 0.00 0.00
0.00 0.00 0.00 1.00 0.00 0.00 0.00 0.00 0.00 0.00 5.00 1.83 0.00 0.00 0.00 0.00 3.00 0.33 0.00 0.00 2.80 2.50 0.00 0.00 0.00 0.00 1.83 2.43 0.00 0.00 4.29 2.50 0.00 0.00 0.00 0.00 5.00 0.00 0.00 0.00 2.75 5.00 0.00 0.00 0.00 0.00 0.00 3.33 0.00 0.00 2.86 3.00 0.00 0.00 0.00 0.00 1.00 0.00 0.00 0.00 1.67 5.67 0.00 0.00 0.00 0.00 6.00 3.00 0.00 0.00 5.50 2.33 0.00 0.00 0.00 0.00 2.50 3.00 0.00 0.00 1.67 3.67 0.00 0.00 0.00 0.00 6.00 3.60 0.00 0.00 0.00 0.00 0.00 0.00 0.00 0.00 0.00 0.00 0.00 0.00 5.80 10.33 10.00 11.00 0.00 0.00 7.00 4.67 6.50 8.50 1.50 0.00 0.00 0.00 0.00 0.00
0.00 0.00 0.00 0.67 0.00 0.00 0.00 0.00 0.00 0.00 2.50 1.25 0.00 0.00 0.00 0.00 3.67 6.20 0.00 0.00 4.00 3.00 0.00 0.00 0.00 0.00 4.33 4.00 0.00 0.00 5.00 0.00 0.00 0.00 0.00 0.00 3.00 4.50 0.00 0.00 9.00 6.00 0.00 0.00 0.00 0.00 4.50 3.33 0.00 0.00 6.00 4.00 0.00 0.00 0.00 0.00 1.00 4.00 0.00 0.00 4.33 0.80 0.00 0.00 0.00 0.00 7.29 4.75 0.00 0.00 5.00 7.00 0.00 0.00 0.00 0.00 2.33 5.00 0.00 0.00 2.33 3.25 0.00 0.00 0.00 0.00 9.67 4.60 0.00 0.00 0.00 0.00 0.00 0.00 0.00 0.00 0.00 0.00 0.00 0.00 11.00 8.33 13.00 12.00 0.00 0.00 3.00 9.00 6.00 2.25 6.50 0.00 0.00 0.00 0.00 0.00
0.00 0.00 0.00 1.67 0.00 0.00 0.00 0.00 0.00 0.00 1.17 1.00 0.00 0.00 0.00 0.00 1.00 3.50 0.00 0.00 8.56 0.00 0.00 0.00 0.00 0.00 0.00 5.00 0.00 0.00 5.40 4.25 0.00 0.00 0.00 0.00 1.00 1.00 0.00 0.00 5.00 6.50 0.00 0.00 0.00 0.00 3.00 0.00 0.00 0.00 2.50 7.00 0.00 0.00 0.00 0.00 4.50 6.83 0.00 0.00 6.33 5.00 0.00 0.00 0.00 0.00 5.33 9.00 0.00 0.00 7.00 6.50 0.00 0.00 0.00 0.00 7.00 0.00 0.00 0.00 5.00 6.50 0.00 0.00 0.00 0.00 2.14 5.67 0.00 0.00 0.00 0.00 0.00 0.00 0.00 0.00 0.00 0.00 0.00 0.00 0.00 0.00 0.00 0.00 0.00 0.00 0.00 0.00 0.00 11.00 0.00 0.00 0.00 0.00 0.00 0.00
0.00 0.00 0.00 0.25 0.00 0.00 0.00 0.00 0.00 0.00 1.50 1.50 0.00 0.00 0.00 0.00 4.00 2.33 0.00 0.00 1.00 3.00 0.00 0.00 0.00 0.00 0.00 2.67 0.00 0.00 5.00 4.60 0.00 0.00 0.00 0.00 5.00 4.33 0.00 0.00 4.50 6.67 0.00 0.00 0.00 0.00 5.80 4.25 0.00 0.00 13.67 5.00 0.00 0.00 0.00 0.00 9.00 7.00 0.00 0.00 7.80 7.00 0.00 0.00 0.00 0.00 7.00 1.67 0.00 0.00 0.00 4.00 0.00 0.00 0.00 0.00 3.25 6.00 0.00 0.00 6.67 5.20 0.00 0.00 0.00 0.00 2.40 9.00 0.00 0.00 0.00 0.00 0.00 0.00 0.00 0.00 0.00 0.00 0.00 0.00 0.00 0.00 0.00 0.00 0.00 0.00 0.00 0.00 0.00 7.00 4.50 0.00 0.00 0.00 0.00 0.00
0.00 0.00 0.00 1.50 1.67 0.00 0.00 0.00 0.00 0.00 9.00 0.50 0.00 0.00 0.00 0.00 3.00 4.00 0.00 0.00 9.00 7.00 0.00 0.00 0.00 0.00 10.00 8.33 0.00 0.00 6.00 5.00 0.00 0.00 0.00 0.00 5.00 5.67 0.00 0.00 10.00 0.00 0.00 0.00 0.00 0.00 4.60 9.00 0.00 0.00 5.20 6.33 0.00 0.00 0.00 0.00 0.00 0.00 0.00 0.00 8.33 6.00 0.00 0.00 0.00 0.00 10.00 15.00 0.00 0.00 7.67 10.50 0.00 0.00 0.00 0.00 7.00 7.50 0.00 0.00 5.33 7.00 0.00 0.00 0.00 0.00 0.00 11.00 0.00 0.00 0.00 0.00 0.00 0.00 0.00 0.00 0.00 0.00 0.00 0.00 0.00 0.00 0.00 0.00 0.00 0.00 0.00 0.00 0.00 8.00 6.50 0.00 0.00 0.00 0.00 0.00
0.00 0.00 0.00 0.80 2.75 0.00 0.00 0.00 0.00 0.00 3.50 0.00 0.00 0.00 0.00 0.00 3.12 3.50 0.00 0.00 5.50 6.33 0.00 0.00 0.00 0.00 17.00 7.00 0.00 0.00 6.00 7.25 0.00 0.00 0.00 0.00 8.00 8.00 0.00 0.00 9.50 7.50 0.00 0.00 0.00 0.00 12.00 8.00 0.00 0.00 11.40 7.67 0.00 0.00 0.00 0.00 5.00 10.33 0.00 0.00 12.00 19.00 0.00 0.00 0.00 0.00 10.67 15.00 0.00 0.00 16.33 11.00 0.00 0.00 0.00 0.00 5.80 9.00 0.00 0.00 8.00 8.50 0.00 0.00 0.00 0.00 6.33 6.33 0.00 0.00 0.00 0.00 0.00 0.00 0.00 0.00 0.00 0.00 0.00 0.00 0.00 0.00 0.00 0.00 0.00 0.00 0.00 0.00 0.00 3.00 0.00 0.00 0.00 0.00 0.00 0.00
0.00 0.00 0.00 0.25 1.00 0.00 0.00 0.00 0.00 0.00 0.00 0.00 4.50 1.71 5.00 5.83 0.00 0.00 0.00 0.00 0.00 0.00 7.50 13.00 6.00 6.00 0.00 0.00 0.00 0.00 0.00 0.00 11.80 7.50 10.60 5.00 0.00 0.00 0.00 0.00 0.00 0.00 8.20 9.80 12.78 7.50 0.00 0.00 0.00 0.00 0.00 0.00 11.00 8.33 10.60 4.33 0.00 0.00 0.00 0.00 0.00 0.00 11.00 7.00 7.86 11.00 0.00 0.00 0.00 0.00 0.00 0.00 9.60 7.00 8.33 11.67 0.00 0.00 0.00 0.00 0.00 0.00 6.00 4.00 9.00 5.00 0.00 0.00 0.00 0.00 0.00 0.00 0.00 0.00 0.00 0.00 0.00 0.00 0.00 0.00 0.00 0.00 0.00 0.00 0.00 0.00 0.00 0.00 0.00 5.00 1.50 0.00 0.00 0.00 0.00 0.00
0.00 0.00 0.00 0.67 0.00 0.00 0.00 0.00 0.00 0.00 0.00 0.00 3.50 5.50 1.67 3.00 0.00 0.00 0.00 0.00 0.00 0.00 7.00 8.00 9.29 9.00 0.00 0.00 0.00 0.00 0.00 0.00 8.33 9.67 5.50 9.00 0.00 0.00 0.00 0.00 0.00 0.00 9.67 9.00 15.00 8.33 0.00 0.00 0.00 0.00 0.00 0.00 9.00 8.20 10.60 10.00 0.00 0.00 0.00 0.00 0.00 0.00 11.86 10.00 11.00 11.80 0.00 0.00 0.00 0.00 0.00 0.00 11.67 0.00 4.00 11.67 0.00 0.00 0.00 0.00 0.00 0.00 6.00 9.57 7.00 11.00 0.00 0.00 0.00 0.00 0.00 0.00 0.00 0.00 0.00 0.00 0.00 0.00 0.00 0.00 0.00 0.00 0.00 0.00 0.00 0.00 0.00 0.00 0.00 1.67 8.00 0.00 0.00 0.00 0.00 0.00
0.00 0.00 0.00 0.67 0.00 0.00 0.00 0.00 0.00 0.00 0.00 0.00 0.00 0.00 0.00 0.00 0.00 0.00 0.00 0.00 0.00 0.00 0.00 0.00 0.00 0.00 0.00 0.00 0.00 0.00 0.00 0.00 0.00 0.00 0.00 0.00 0.00 0.00 0.00 0.00 0.00 0.00 0.00 0.00 0.00 0.00 0.00 0.00 0.00 0.00 0.00 0.00 0.00 0.00 0.00 0.00 0.00 0.00 0.00 0.00 0.00 0.00 0.00 0.00 0.00 0.00 0.00 0.00 0.00 0.00 0.00 0.00 0.00 0.00 0.00 0.00 0.00 0.00 0.00 0.00 0.00 0.00 0.00 0.00 0.00 0.00 0.00 0.00 0.00 0.00 0.00 0.00 0.00 0.00 0.00 0.00 0.00 0.00 0.00 0.00 0.00 0.00 0.00 0.00 0.00 0.00 0.00 0.00 0.00 2.80 1.75 0.00 0.00 0.00 0.00 0.00
0.00 0.00 0.00 1.50 1.67 0.00 0.00 0.00 0.00 0.00 0.00 0.00 0.00 0.00 0.00 0.00 0.00 0.00 0.00 0.00 0.00 0.00 0.00 0.00 0.00 0.00 0.00 0.00 0.00 0.00 0.00 0.00 0.00 0.00 0.00 0.00 0.00 0.00 0.00 0.00 0.00 0.00 0.00 0.00 0.00 0.00 0.00 0.00 0.00 0.00 0.00 0.00 0.00 0.00 0.00 0.00 0.00 0.00 0.00 0.00 0.00 0.00 0.00 0.00 0.00 0.00 0.00 0.00 0.00 0.00 0.00 0.00 0.00 0.00 0.00 0.00 0.00 0.00 0.00 0.00 0.00 0.00 0.00 0.00 0.00 0.00 0.00 0.00 0.00 0.00 0.00 0.00 0.00 0.00 0.00 0.00 0.00 0.00 0.00 0.00 0.00 0.00 0.00 0.00 0.00 0.00 0.00 0.00 0.00 2.25 0.50 0.00 0.00 0.00 0.00 0.00
0.00 0.00 0.00 0.50 0.00 0.00 0.00 0.00 0.00 0.00 0.00 0.00 0.00 0.00 0.00 0.00 0.00 0.00 0.00 0.00 0.00 0.00 0.00 0.00 0.00 0.00 0.00 0.00 0.00 0.00 0.00 0.00 0.00 0.00 0.00 0.00 0.00 0.00 0.00 0.00 0.00 0.00 0.00 0.00 0.00 0.00 0.00 0.00 0.00 0.00 0.00 0.00 0.00 0.00 0.00 0.00 0.00 0.00 0.00 0.00 0.00 0.00 0.00 0.00 0.00 0.00 0.00 0.00 0.00 0.00 0.00 0.00 0.00 0.00 0.00 0.00 0.00 0.00 0.00 0.00 0.00 0.00 0.00 0.00 0.00 0.00 0.00 0.00 0.00 0.00 0.00 0.00 0.00 0.00 0.00 0.00 0.00 0.00 0.00 0.00 0.00 0.00 0.00 0.00 0.00 0.00 0.00 0.00 0.00 1.00 0.00 0.00 0.00 0.00 0.00 0.00
0.00 0.00 0.00 0.50 0.25 0.00 0.00 0.00 0.00 0.00 0.00 0.00 3.67 1.80 6.00 4.50 0.00 0.00 0.00 0.00 0.00 0.00 7.11 7.00 11.00 6.00 0.00 0.00 0.00 0.00 0.00 0.00 10.12 7.00 11.00 9.44 0.00 0.00 0.00 0.00 0.00 0.00 11.50 10.33 11.50 7.00 0.00 0.00 0.00 0.00 0.00 0.00 10.00 14.60 5.80 0.00 0.00 0.00 0.00 0.00 0.00 0.00 0.00 7.33 0.00 10.50 0.00 0.00 0.00 0.00 0.00 0.00 8.67 0.00 3.00 12.50 0.00 0.00 0.00 0.00 0.00 0.00 7.67 5.67 7.50 5.33 0.00 0.00 0.00 0.00 0.00 0.00 0.00 0.00 0.00 0.00 0.00 0.00 0.00 0.00 0.00 0.00 0.00 0.00 0.00 0.00 0.00 0.00 0.00 2.50 3.00 0.00 0.00 0.00 0.00 0.00
0.00 0.00 0.00 1.67 2.29 0.00 0.00 0.00 0.00 0.00 0.00 0.00 6.33 6.00 0.00 11.00 0.00 0.00 0.00 0.00 0.00 0.00 4.00 9.67 0.00 6.50 0.00 0.00 0.00 0.00 0.00 0.00 11.67 12.50 6.75 14.33 0.00 0.00 0.00 0.00 0.00 0.00 5.00 9.00 8.67 8.20 0.00 0.00 0.00 0.00 0.00 0.00 8.00 9.00 12.33 7.67 0.00 0.00 0.00 0.00 0.00 0.00 6.33 5.00 7.00 9.50 0.00 0.00 0.00 0.00 0.00 0.00 8.67 12.00 10.00 3.67 0.00 0.00 0.00 0.00 0.00 0.00 3.00 5.67 7.80 7.00 0.00 0.00 0.00 0.00 0.00 0.00 0.00 0.00 0.00 0.00 0.00 0.00 0.00 0.00 0.00 0.00 0.00 0.00 0.00 0.00 0.00 0.00 0.00 0.00 2.67 0.00 0.00 0.00 0.00 0.00
0.00 0.00 0.00 0.25 1.00 0.00 0.00 0.00 0.00 0.00 2.00 3.75 0.00 0.00 0.00 0.00 3.60 7.00 0.00 0.00 7.00 4.50 0.00 0.00 0.00 0.00 10.00 8.67 0.00 0.00 11.00 8.20 0.00 0.00 0.00 0.00 0.00 5.00 0.00 0.00 12.00 8.60 0.00 0.00 0.00 0.00 9.67 7.00 0.00 0.00 4.50 8.00 0.00 0.00 0.00 0.00 11.67 11.67 0.00 0.00 11.50 8.33 0.00 0.00 0.00 0.00 8.20 10.00 0.00 0.00 16.00 6.20 0.00 0.00 0.00 0.00 10.50 6.00 0.00 0.00 0.00 6.33 0.00 0.00 0.00 0.00 7.00 9.80 0.00 0.00 0.00 0.00 0.00 0.00 0.00 0.00 0.00 0.00 0.00 0.00 0.00 0.00 0.00 0.00 0.00 0.00 0.00 0.00 0.00 2.33 3.67 0.00 0.00 0.00 0.00 0.00
0.00 0.00 0.00 3.50 1.00 0.00 0.00 0.00 0.00 0.00 1.80 2.50 0.00 0.00 0.00 0.00 5.00 7.00 0.00 0.00 4.00 2.40 0.00 0.00 0.00 0.00 5.50 5.00 0.00 0.00 8.50 6.50 0.00 0.00 0.00 0.00 5.50 12.00 0.00 0.00 5.00 6.60 0.00 0.00 0.00 0.00 7.00 0.00 0.00 0.00 6.50 6.33 0.00 0.00 0.00 0.00 0.00 8.33 0.00 0.00 9.50 5.67 0.00 0.00 0.00 0.00 4.20 8.00 0.00 0.00 11.50 11.67 0.00 0.00 0.00 0.00 7.00 5.75 0.00 0.00 5.67 3.50 0.00 0.00 0.00 0.00 9.00 4.60 0.00 0.00 0.00 0.00 0.00 0.00 0.00 0.00 0.00 0.00 0.00 0.00 0.00 0.00 0.00 0.00 0.00 0.00 0.00 0.00 0.00 0.00 2.00 0.00 0.00 0.00 0.00 0.00
0.00 0.00 0.00 1.67 1.75 0.00 0.00 0.00 0.00 0.00 0.00 1.67 0.00 0.00 0.00 0.00 3.00 4.33 0.00 0.00 3.50 4.75 0.00 0.00 0.00 0.00 4.50 7.00 0.00 0.00 3.67 5.67 0.00 0.00 0.00 0.00 6.33 3.33 0.00 0.00 3.60 4.00 0.00 0.00 0.00 0.00 7.40 8.50 0.00 0.00 7.80 5.00 0.00 0.00 0.00 0.00 5.33 7.67 0.00 0.00 8.00 9.50 0.00 0.00 0.00 0.00 5.43 9.40 0.00 0.00 6.00 1.50 0.00 0.00 0.00 0.00 2.67 5.00 0.00 0.00 5.83 5.75 0.00 0.00 0.00 0.00 9.00 7.67 0.00 0.00 0.00 0.00 0.00 0.00 0.00 0.00 0.00 0.00 0.00 0.00 0.00 0.00 0.00 0.00 0.00 0.00 0.00 0.00 0.00 2.80 7.00 0.00 0.00 0.00 0.00 0.00
0.00 0.00 0.00 1.00 1.00 0.00 0.00 0.00 0.00 0.00 2.00 2.75 0.00 0.00 0.00 0.00 3.00 3.00 0.00 0.00 3.50 5.12 0.00 0.00 0.00 0.00 5.33 7.00 0.00 0.00 8.00 4.00 0.00 0.00 0.00 0.00 6.00 10.33 0.00 0.00 7.00 5.50 0.00 0.00 0.00 0.00 5.50 8.33 0.00 0.00 10.00 3.67 0.00 0.00 0.00 0.00 6.20 4.00 0.00 0.00 5.50 5.67 0.00 0.00 0.00 0.00 7.00 5.75 0.00 0.00 5.33 4.00 0.00 0.00 0.00 0.00 0.00 6.67 0.00 0.00 3.60 7.00 0.00 0.00 0.00 0.00 5.83 5.50 0.00 0.00 0.00 0.00 0.00 0.00 0.00 0.00 0.00 0.00 0.00 0.00 0.00 0.00 0.00 0.00 0.00 0.00 0.00 0.00 0.00 2.00 5.00 0.00 0.00 0.00 0.00 0.00
0.00 0.00 0.00 3.50 1.67 0.00 0.00 0.00 0.00 0.00 2.00 0.00 0.00 0.00 0.00 0.00 5.00 4.33 0.00 0.00 2.20 5.00 0.00 0.00 0.00 0.00 3.67 2.00 0.00 0.00 7.00 5.50 0.00 0.00 0.00 0.00 6.00 6.60 0.00 0.00 2.00 3.00 0.00 0.00 0.00 0.00 3.40 2.50 0.00 0.00 5.00 5.25 0.00 0.00 0.00 0.00 7.00 9.00 0.00 0.00 5.00 7.00 0.00 0.00 0.00 0.00 0.00 6.60 0.00 0.00 3.67 6.50 0.00 0.00 0.00 0.00 5.50 7.00 0.00 0.00 3.67 2.50 0.00 0.00 0.00 0.00 4.00 6.20 0.00 0.00 0.00 0.00 0.00 0.00 0.00 0.00 0.00 0.00 0.00 0.00 0.00 0.00 0.00 0.00 0.00 0.00 0.00 0.00 0.00 0.00 0.00 0.00 0.00 0.00 0.00 0.00
0.00 0.00 0.00 0.00 0.00 0.00 0.00 0.00 0.00 0.00 2.67 4.00 0.00 0.00 0.00 0.00 2.25 3.00 0.00 0.00 1.67 4.00 0.00 0.00 0.00 0.00 4.00 4.50 0.00 0.00 3.00 5.80 0.00 0.00 0.00 0.00 4.50 3.00 0.00 0.00 5.00 5.00 0.00 0.00 0.00 0.00 8.00 7.50 0.00 0.00 3.67 5.00 0.00 0.00 0.00 0.00 9.50 5.00 0.00 0.00 3.60 3.25 0.00 0.00 0.00 0.00 6.14 9.80 0.00 0.00 8.00 4.33 0.00 0.00 0.00 0.00 1.00 4.50 0.00 0.00 4.00 0.00 0.00 0.00 0.00 0.00 5.00 3.00 0.00 0.00 0.00 0.00 0.00 0.00 0.00 0.00 0.00 0.00 0.00 0.00 0.00 0.00 0.00 0.00 0.00 0.00 0.00 0.00 0.00 0.00 0.00 0.00 0.00 0.00 0.00 0.00
0.00 0.00 0.00 0.67 3.00 0.00 0.00 0.00 0.00 0.00 2.67 0.50 0.00 0.00 0.00 0.00 1.00 3.67 0.00 0.00 6.00 4.00 0.00 0.00 0.00 0.00 4.50 5.20 0.00 0.00 5.38 3.00 0.00 0.00 0.00 0.00 2.00 2.43 0.00 0.00 3.67 3.67 0.00 0.00 0.00 0.00 1.33 2.50 0.00 0.00 4.33 5.00 0.00 0.00 0.00 0.00 7.00 1.50 0.00 0.00 4.00 6.00 0.00 0.00 0.00 0.00 8.00 5.20 0.00 0.00 5.25 8.00 0.00 0.00 0.00 0.00 6.33 3.25 0.00 0.00 1.67 1.25 0.00 0.00 0.00 0.00 5.25 2.50 0.00 0.00 0.00 0.00 0.00 0.00 0.00 0.00 0.00 0.00 0.00 0.00 0.00 0.00 0.00 0.00 0.00 0.00 0.00 0.00 0.00 0.00 0.00 0.00 0.00 0.00 0.00 0.00
0.00 0.00 0.00 0.80 2.00 0.00 0.00 0.00 0.00 0.00 1.11 1.40 0.00 0.00 0.00 0.00 1.50 5.00 0.00 0.00 1.00 2.50 0.00 0.00 0.00 0.00 4.25 7.67 0.00 0.00 0.00 5.00 0.00 0.00 0.00 0.00 2.00 4.50 0.00 0.00 4.00 2.75 0.00 0.00 0.00 0.00 2.00 7.60 0.00 0.00 5.75 2.17 0.00 0.00 0.00 0.00 3.67 4.75 0.00 0.00 8.00 3.67 0.00 0.00 0.00 0.00 5.75 3.86 0.00 0.00 7.00 7.67 0.00 0.00 0.00 0.00 5.00 4.00 0.00 0.00 5.80 3.33 0.00 0.00 0.00 0.00 3.00 7.00 0.00 0.00 0.00 0.00 0.00 0.00 0.00 0.00 0.00 0.00 0.00 0.00 0.00 0.00 0.00 0.00 0.00 0.00 0.00 0.00 0.00 0.00 0.00 0.00 0.00 0.00 0.00 0.00
0.00 0.00 0.00 0.50 0.50 0.00 0.00 0.00 0.00 0.00 2.00 1.62 0.00 0.00 0.00 0.00 2.57 1.50 0.00 0.00 3.00 3.00 0.00 0.00 0.00 0.00 5.80 4.00 0.00 0.00 2.67 7.40 0.00 0.00 0.00 0.00 6.00 1.00 0.00 0.00 5.00 4.75 0.00 0.00 0.00 0.00 9.00 6.20 0.00 0.00 3.17 5.50 0.00 0.00 0.00 0.00 1.40 4.33 0.00 0.00 5.50 7.80 0.00 0.00 0.00 0.00 1.67 0.00 0.00 0.00 5.67 3.75 0.00 0.00 0.00 0.00 4.00 0.00 0.00 0.00 3.33 0.50 0.00 0.00 0.00 0.00 1.67 4.50 0.00 0.00 0.00 0.00 0.00 0.00 0.00 0.00 0.00 0.00 0.00 0.00 0.00 0.00 0.00 0.00 0.00 0.00 0.00 0.00 0.00 0.00 0.00 0.00 0.00 0.00 0.00 0.00
0.00 0.00 0.00 1.00 0.67 0.00 0.00 0.00 0.00 0.00 0.67 3.00 0.00 0.00 0.00 0.00 3.17 6.00 0.00 0.00 6.00 2.00 0.00 0.00 0.00 0.00 5.00 5.00 0.00 0.00 2.33 0.00 0.00 0.00 0.00 0.00 9.00 5.00 0.00 0.00 0.00 3.75 0.00 0.00 0.00 0.00 0.00 5.00 0.00 0.00 5.00 4.60 0.00 0.00 0.00 0.00 5.25 5.75 0.00 0.00 3.00 4.00 0.00 0.00 0.00 0.00 4.60 5.67 0.00 0.00 0.00 1.00 0.00 0.00 0.00 0.00 5.50 3.50 0.00 0.00 3.33 1.00 0.00 0.00 0.00 0.00 4.33 2.67 0.00 0.00 0.00 0.00 0.00 0.00 0.00 0.00 0.00 0.00 0.00 0.00 0.00 0.00 0.00 0.00 0.00 0.00 0.00 0.00 0.00 0.00 0.00 0.00 0.00 0.00 0.00 0.00
0.00 0.00 0.00 1.00 1.00 0.00 0.00 0.00 0.00 0.00 7.67 5.00 0.00 0.00 0.00 0.00 5.00 4.67 0.00 0.00 3.60 2.00 0.00 0.00 0.00 0.00 0.00 3.00 0.00 0.00 6.33 6.00 0.00 0.00 0.00 0.00 3.00 9.00 0.00 0.00 4.33 0.00 0.00 0.00 0.00 0.00 7.00 6.00 0.00 0.00 4.00 9.00 0.00 0.00 0.00 0.00 0.00 8.00 0.00 0.00 5.00 6.00 0.00 0.00 0.00 0.00 5.00 8.00 0.00 0.00 4.33 3.00 0.00 0.00 0.00 0.00 4.33 5.00 0.00 0.00 6.00 6.33 0.00 0.00 0.00 0.00 10.00 3.00 0.00 0.00 0.00 0.00 0.00 0.00 0.00 0.00 0.00 0.00 0.00 0.00 0.00 0.00 0.00 0.00 0.00 0.00 0.00 0.00 0.00 0.00 0.00 0.00 0.00 0.00 0.00 0.00
0.00 0.00 0.00 0.00 1.00 0.00 0.00 0.00 0.00 0.00 3.43 2.33 0.00 0.00 0.00 0.00 0.00 7.00 0.00 0.00 2.80 3.00 0.00 0.00 0.00 0.00 6.50 4.00 0.00 0.00 0.00 4.33 0.00 0.00 0.00 0.00 4.50 8.00 0.00 0.00 6.67 8.60 0.00 0.00 0.00 0.00 5.00 8.60 0.00 0.00 10.00 7.00 0.00 0.00 0.00 0.00 0.00 3.00 0.00 0.00 8.50 10.00 0.00 0.00 0.00 0.00 4.00 6.00 0.00 0.00 7.40 6.50 0.00 0.00 0.00 0.00 2.33 4.50 0.00 0.00 5.00 5.86 0.00 0.00 0.00 0.00 5.67 5.50 0.00 0.00 0.00 0.00 0.00 0.00 0.00 0.00 0.00 0.00 0.00 0.00 0.00 0.00 0.00 0.00 0.00 0.00 0.00 0.00 0.00 3.00 4.33 0.00 0.00 0.00 0.00 0.00
0.00 0.00 0.00 1.33 1.17 0.00 0.00 0.00 0.00 0.00 2.60 1.50 0.00 0.00 0.00 0.00 7.25 7.67 0.00 0.00 5.67 4.29 0.00 0.00 0.00 0.00 4.33 8.00 0.00 0.00 8.20 5.17 0.00 0.00 0.00 0.00 5.00 8.60 0.00 0.00 11.00 6.00 0.00 0.00 0.00 0.00 3.33 10.75 0.00 0.00 7.67 7.40 0.00 0.00 0.00 0.00 7.33 7.00 0.00 0.00 3.00 9.67 0.00 0.00 0.00 0.00 7.50 11.80 0.00 0.00 0.00 10.00 0.00 0.00 0.00 0.00 9.00 7.00 0.00 0.00 10.00 7.00 0.00 0.00 0.00 0.00 3.00 5.67 0.00 0.00 0.00 0.00 0.00 0.00 0.00 0.00 0.00 0.00 0.00 0.00 0.00 0.00 0.00 0.00 0.00 0.00 0.00 0.00 0.00 0.00 0.00 0.00 0.00 0.00 0.00 0.00
0.00 0.00 0.00 0.50 1.33 0.00 0.00 0.00 0.00 0.00 3.25 4.33 0.00 0.00 0.00 0.00 7.25 7.00 0.00 0.00 8.50 7.00 0.00 0.00 0.00 0.00 0.00 8.00 0.00 0.00 9.00 5.00 0.00 0.00 0.00 0.00 6.00 7.00 0.00 0.00 9.00 7.67 0.00 0.00 0.00 0.00 9.33 7.00 0.00 0.00 13.50 6.00 0.00 0.00 0.00 0.00 7.00 9.00 0.00 0.00 5.00 13.00 0.00 0.00 0.00 0.00 9.00 0.00 0.00 0.00 11.00 6.60 0.00 0.00 0.00 0.00 10.33 7.00 0.00 0.00 8.20 9.00 0.00 0.00 0.00 0.00 3.60 4.43 0.00 0.00 0.00 0.00 0.00 0.00 0.00 0.00 0.00 0.00 0.00 0.00 0.00 0.00 0.00 0.00 0.00 0.00 0.00 0.00 0.00 0.00 0.00 0.00 0.00 0.00 0.00 0.00
0.00 0.00 0.00 2.12 0.50 0.00 0.00 0.00 0.00 0.00 0.00 0.00 4.00 4.50 4.33 7.67 0.00 0.00 0.00 0.00 0.00 0.00 9.40 5.67 9.00 7.29 0.00 0.00 0.00 0.00 0.00 0.00 0.00 6.00 10.20 2.00 0.00 0.00 0.00 0.00 0.00 0.00 14.00 9.67 9.00 10.67 0.00 0.00 0.00 0.00 0.00 0.00 11.00 7.00 11.00 6.50 0.00 0.00 0.00 0.00 0.00 0.00 10.00 5.80 11.00 9.00 0.00 0.00 0.00 0.00 0.00 0.00 4.50 7.67 5.00 9.25 0.00 0.00 0.00 0.00 0.00 0.00 6.00 5.20 7.00 4.33 0.00 0.00 0.00 0.00 0.00 0.00 0.00 0.00 0.00 0.00 0.00 0.00 0.00 0.00 0.00 0.00 0.00 0.00 0.00 0.00 0.00 0.00 0.00 0.00 0.00 0.00 0.00 0.00 0.00 0.00
0.00 0.00 0.00 1.17 5.00 0.00 0.00 0.00 0.00 0.00 0.00 0.00 5.00 3.83 3.40 5.00 0.00 0.00 0.00 0.00 0.00 0.00 6.33 6.33 9.00 11.00 0.00 0.00 0.00 0.00 0.00 0.00 1.00 9.40 9.80 9.67 0.00 0.00 0.00 0.00 0.00 0.00 9.40 11.00 9.00 9.00 0.00 0.00 0.00 0.00 0.00 0.00 7.00 9.40 11.67 10.00 0.00 0.00 0.00 0.00 0.00 0.00 11.00 10.33 9.00 8.00 0.00 0.00 0.00 0.00 0.00 0.00 8.20 1.00 21.00 5.00 0.00 0.00 0.00 0.00 0.00 0.00 7.67 6.00 8.33 4.67 0.00 0.00 0.00 0.00 0.00 0.00 0.00 0.00 0.00 0.00 0.00 0.00 0.00 0.00 0.00 0.00 0.00 0.00 0.00 0.00 0.00 0.00 0.00 0.00 0.00 0.00 0.00 0.00 0.00 0.00
0.00 0.00 0.00 1.67 3.67 0.00 0.00 0.00 0.00 0.00 0.00 0.00 0.00 0.00 0.00 0.00 0.00 0.00 0.00 0.00 0.00 0.00 0.00 0.00 0.00 0.00 0.00 0.00 0.00 0.00 0.00 0.00 0.00 0.00 0.00 0.00 0.00 0.00 0.00 0.00 0.00 0.00 0.00 0.00 0.00 0.00 0.00 0.00 0.00 0.00 0.00 0.00 0.00 0.00 0.00 0.00 0.00 0.00 0.00 0.00 0.00 0.00 0.00 0.00 0.00 0.00 0.00 0.00 0.00 0.00 0.00 0.00 0.00 0.00 0.00 0.00 0.00 0.00 0.00 0.00 0.00 0.00 0.00 0.00 0.00 0.00 0.00 0.00 0.00 0.00 0.00 0.00 0.00 0.00 0.00 0.00 0.00 0.00 0.00 0.00 0.00 0.00 0.00 0.00 0.00 0.00 0.00 0.00 0.00 0.00 0.00 0.00 0.00 0.00 0.00 0.00
0.00 0.00 0.00 2.17 1.50 0.00 0.00 0.00 0.00 0.00 0.00 0.00 0.00 0.00 0.00 0.00 0.00 0.00 0.00 0.00 0.00 0.00 0.00 0.00 0.00 0.00 0.00 0.00 0.00 0.00 0.00 0.00 0.00 0.00 0.00 0.00 0.00 0.00 0.00 0.00 0.00 0.00 0.00 0.00 0.00 0.00 0.00 0.00 0.00 0.00 0.00 0.00 0.00 0.00 0.00 0.00 0.00 0.00 0.00 0.00 0.00 0.00 0.00 0.00 0.00 0.00 0.00 0.00 0.00 0.00 0.00 0.00 0.00 0.00 0.00 0.00 0.00 0.00 0.00 0.00 0.00 0.00 0.00 0.00 0.00 0.00 0.00 0.00 0.00 0.00 0.00 0.00 0.00 0.00 0.00 0.00 0.00 0.00 0.00 0.00 0.00 0.00 0.00 0.00 0.00 0.00 0.00 0.00 0.00 0.00 0.00 0.00 0.00 0.00 0.00 0.00
0.00 0.00 0.00 0.00 3.00 0.00 0.00 0.00 0.00 0.00 0.00 0.00 0.00 0.00 0.00 0.00 0.00 0.00 0.00 0.00 0.00 0.00 0.00 0.00 0.00 0.00 0.00 0.00 0.00 0.00 0.00 0.00 0.00 0.00 0.00 0.00 0.00 0.00 0.00 0.00 0.00 0.00 0.00 0.00 0.00 0.00 0.00 0.00 0.00 0.00 0.00 0.00 0.00 0.00 0.00 0.00 0.00 0.00 0.00 0.00 0.00 0.00 0.00 0.00 0.00 0.00 0.00 0.00 0.00 0.00 0.00 0.00 0.00 0.00 0.00 0.00 0.00 0.00 0.00 0.00 0.00 0.00 0.00 0.00 0.00 0.00 0.00 0.00 0.00 0.00 0.00 0.00 0.00 0.00 0.00 0.00 0.00 0.00 0.00 0.00 0.00 0.00 0.00 0.00 0.00 0.00 0.00 0.00 0.00 0.00 0.00 0.00 0.00 0.00 0.00 0.00
0.00 0.00 0.00 0.00 2.80 0.00 0.00 0.00 0.00 0.00 0.00 0.00 4.83 6.50 2.00 10.50 0.00 0.00 0.00 0.00 0.00 0.00 10.00 19.00 7.00 7.00 0.00 0.00 0.00 0.00 0.00 0.00 7.50 10.00 15.00 11.00 0.00 0.00 0.00 0.00 0.00 0.00 11.00 9.00 13.00 7.50 0.00 0.00 0.00 0.00 0.00 0.00 9.00 9.00 6.00 9.00 0.00 0.00 0.00 0.00 0.00 0.00 10.50 6.00 8.00 0.00 0.00 0.00 0.00 0.00 0.00 0.00 7.00 8.00 5.67 0.00 0.00 0.00 0.00 0.00 0.00 0.00 9.67 5.00 4.00 3.00 0.00 0.00 0.00 0.00 0.00 0.00 0.00 0.00 0.00 0.00 0.00 0.00 0.00 0.00 0.00 0.00 0.00 0.00 0.00 0.00 0.00 0.00 0.00 1.00 0.00 0.00 0.00 0.00 0.00 0.00
0.00 0.00 0.00 0.00 0.75 0.00 0.00 0.00 0.00 0.00 0.00 0.00 5.00 3.67 6.14 4.00 0.00 0.00 0.00 0.00 0.00 0.00 7.00 7.67 5.00 4.00 0.00 0.00 0.00 0.00 0.00 0.00 6.25 11.67 9.00 8.00 0.00 0.00 0.00 0.00 0.00 0.00 7.67 9.00 6.00 11.67 0.00 0.00 0.00 0.00 0.00 0.00 7.00 9.67 9.00 10.33 0.00 0.00 0.00 0.00 0.00 0.00 9.50 10.33 13.00 9.00 0.00 0.00 0.00 0.00 0.00 0.00 6.60 8.00 0.00 5.00 0.00 0.00 0.00 0.00 0.00 0.00 7.00 6.60 11.00 4.00 0.00 0.00 0.00 0.00 0.00 0.00 0.00 0.00 0.00 0.00 0.00 0.00 0.00 0.00 0.00 0.00 0.00 0.00 0.00 0.00 0.00 0.00 0.00 1.25 0.67 0.00 0.00 0.00 0.00 0.00
0.00 0.00 0.00 0.00 2.33 0.00 0.00 0.00 0.00 0.00 4.00 7.00 0.00 0.00 0.00 0.00 5.00 7.67 0.00 0.00 6.33 10.33 0.00 0.00 0.00 0.00 5.50 5.80 0.00 0.00 0.00 8.56 0.00 0.00 0.00 0.00 8.33 7.50 0.00 0.00 11.00 7.33 0.00 0.00 0.00 0.00 4.50 6.50 0.00 0.00 17.00 7.00 0.00 0.00 0.00 0.00 8.20 11.50 0.00 0.00 8.00 9.29 0.00 0.00 0.00 0.00 1.00 0.00 0.00 0.00 6.25 8.00 0.00 0.00 0.00 0.00 5.67 3.00 0.00 0.00 8.33 6.00 0.00 0.00 0.00 0.00 0.00 1.00 0.00 0.00 0.00 0.00 0.00 0.00 0.00 0.00 0.00 0.00 0.00 0.00 0.00 0.00 0.00 0.00 0.00 0.00 0.00 0.00 0.00 0.50 1.00 0.00 0.00 0.00 0.00 0.00
0.00 0.00 0.00 0.60 0.80 0.00 0.00 0.00 0.00 0.00 5.00 3.40 0.00 0.00 0.00 0.00 5.00 6.60 0.00 0.00 4.00 1.00 0.00 0.00 0.00 0.00 9.00 11.00 0.00 0.00 11.00 4.50 0.00 0.00 0.00 0.00 1.00 0.00 0.00 0.00 7.57 11.00 0.00 0.00 0.00 0.00 9.00 8.20 0.00 0.00 9.67 7.00 0.00 0.00 0.00 0.00 8.00 4.00 0.00 0.00 6.33 6.00 0.00 0.00 0.00 0.00 2.50 7.00 0.00 0.00 11.00 7.00 0.00 0.00 0.00 0.00 5.00 4.50 0.00 0.00 9.00 3.00 0.00 0.00 0.00 0.00 0.50 3.80 0.00 0.00 0.00 0.00 0.00 0.00 0.00 0.00 0.00 0.00 0.00 0.00 0.00 0.00 0.00 0.00 0.00 0.00 0.00 0.00 0.00 0.57 0.60 0.00 0.00 0.00 0.00 0.00
0.00 0.00 0.00 0.33 0.00 0.00 0.00 0.00 0.00 0.00 6.00 3.00 0.00 0.00 0.00 0.00 3.00 5.00 0.00 0.00 4.00 4.33 0.00 0.00 0.00 0.00 4.00 1.00 0.00 0.00 6.00 6.60 0.00 0.00 0.00 0.00 3.25 5.33 0.00 0.00 8.00 7.40 0.00 0.00 0.00 0.00 5.33 3.00 0.00 0.00 6.33 6.00 0.00 0.00 0.00 0.00 8.33 11.67 0.00 0.00 7.00 3.67 0.00 0.00 0.00 0.00 7.17 8.00 0.00 0.00 10.33 4.00 0.00 0.00 0.00 0.00 5.67 6.00 0.00 0.00 3.80 2.00 0.00 0.00 0.00 0.00 0.00 3.20 0.00 0.00 0.00 0.00 0.00 0.00 0.25 3.00 1.00 1.25 0.00 1.25 1.50 0.80 0.50 0.50 0.00 0.00 0.00 0.00 0.00 0.86 0.33 0.00 0.00 0.00 0.00 0.00
0.00 0.00 0.00 0.00 0.33 0.67 0.00 0.00 0.00 0.00 2.75 2.00 0.00 0.00 0.00 0.00 3.80 5.00 0.00 0.00 5.67 4.20 0.00 0.00 0.00 0.00 4.00 7.00 0.00 0.00 10.60 3.00 0.00 0.00 0.00 0.00 6.00 0.00 0.00 0.00 3.67 7.00 0.00 0.00 0.00 0.00 7.00 9.00 0.00 0.00 3.00 3.00 0.00 0.00 0.00 0.00 3.00 7.25 0.00 0.00 8.33 4.50 0.00 0.00 0.00 0.00 5.00 7.00 0.00 0.00 3.80 3.20 0.00 0.00 0.00 0.00 6.60 5.25 0.00 0.00 1.75 3.33 0.00 0.00 0.00 0.00 0.50 0.00 0.00 0.00 0.00 0.00 0.00 0.00 3.00 1.00 0.00 2.67 1.25 0.86 2.50 0.50 0.00 2.00 0.00 0.00 0.00 0.00 0.00 1.33 0.67 0.00 0.00 0.00 0.00 0.00
0.00 0.00 0.00 0.00 0.80 0.33 0.00 0.00 0.00 0.00 3.00 0.00 0.00 0.00 0.00 0.00 2.33 5.00 0.00 0.00 1.80 4.00 0.00 0.00 0.00 0.00 0.67 3.50 0.00 0.00 1.00 5.20 0.00 0.00 0.00 0.00 2.40 5.00 0.00 0.00 2.33 3.00 0.00 0.00 0.00 0.00 5.80 3.25 0.00 0.00 3.00 5.00 0.00 0.00 0.00 0.00 13.00 0.00 0.00 0.00 5.67 5.00 0.00 0.00 0.00 0.00 2.00 1.50 0.00 0.00 1.33 1.00 0.00 0.00 0.00 0.00 1.00 5.50 0.00 0.00 9.00 5.00 0.00 0.00 0.00 0.00 0.33 3.00 0.00 0.00 0.00 0.00 1.00 1.17 0.00 0.00 0.00 0.00 0.00 0.00 0.00 0.00 0.00 0.00 2.00 0.50 0.00 0.00 0.00 0.71 0.50 0.00 0.00 0.00 0.00 0.00
0.00 0.00 0.00 0.00 0.25 0.00 0.00 0.00 0.00 0.00 1.00 0.50 0.00 0.00 0.00 0.00 6.60 6.00 0.00 0.00 2.75 2.00 0.00 0.00 0.00 0.00 0.50 4.00 0.00 0.00 4.00 3.00 0.00 0.00 0.00 0.00 3.00 5.50 0.00 0.00 3.50 3.00 0.00 0.00 0.00 0.00 0.50 6.40 0.00 0.00 1.75 5.00 0.00 0.00 0.00 0.00 7.00 2.60 0.00 0.00 3.60 3.33 0.00 0.00 0.00 0.00 1.33 3.83 0.00 0.00 4.40 0.00 0.00 0.00 0.00 0.00 1.00 1.50 0.00 0.00 1.50 2.50 0.00 0.00 0.00 0.00 3.00 1.00 0.00 0.00 0.00 0.00 0.00 0.67 0.00 0.00 0.00 0.00 0.00 0.00 0.00 0.00 0.00 0.00 0.25 0.80 0.00 0.00 0.00 0.17 1.20 0.00 0.00 0.00 0.00 0.00
0.00 0.00 0.00 0.00 1.33 0.50 0.00 0.00 0.00 0.00 0.50 0.00 0.00 0.00 0.00 0.00 5.00 3.00 0.00 0.00 5.00 3.25 0.00 0.00 0.00 0.00 3.00 4.00 0.00 0.00 4.50 3.67 0.00 0.00 0.00 0.00 2.25 2.33 0.00 0.00 2.25 1.67 0.00 0.00 0.00 0.00 3.25 2.00 0.00 0.00 4.00 7.00 0.00 0.00 0.00 0.00 3.14 3.11 0.00 0.00 4.20 8.33 0.00 0.00 0.00 0.00 5.00 3.00 0.00 0.00 2.67 0.00 0.00 0.00 0.00 0.00 3.20 2.00 0.00 0.00 3.00 2.20 0.00 0.00 0.00 0.00 0.00 2.00 0.00 0.00 0.00 0.00 1.75 1.25 0.00 0.00 0.00 0.00 0.00 0.00 0.00 0.00 0.00 0.00 0.50 0.67 0.00 0.00 0.00 0.00 0.00 0.00 0.00 0.00 0.00 0.00
0.00 0.00 0.00 0.00 0.50 0.83 0.00 0.00 0.00 0.00 1.00 1.00 0.00 0.00 0.00 0.00 0.50 4.75 0.00 0.00 3.00 0.00 0.00 0.00 0.00 0.00 2.00 4.20 0.00 0.00 2.80 4.20 0.00 0.00 0.00 0.00 6.00 5.00 0.00 0.00 1.00 2.00 0.00 0.00 0.00 0.00 3.00 5.25 0.00 0.00 5.00 4.67 0.00 0.00 0.00 0.00 5.00 1.25 0.00 0.00 5.00 5.00 0.00 0.00 0.00 0.00 0.50 5.00 0.00 0.00 3.33 3.00 0.00 0.00 0.00 0.00 4.60 3.14 0.00 0.00 4.40 5.33 0.00 0.00 0.00 0.00 0.50 3.00 0.00 0.00 0.00 0.00 0.00 0.00 0.00 0.00 0.33 0.00 0.00 0.00 0.00 0.00 0.00 0.00 0.00 0.00 0.00 0.00 0.00 0.43 0.00 0.00 0.00 0.00 0.00 0.00
0.00 0.00 0.00 0.00 1.20 1.50 0.00 0.00 0.00 0.00 0.00 1.25 0.00 0.00 0.00 0.00 1.00 4.67 0.00 0.00 3.33 2.80 0.00 0.00 0.00 0.00 1.25 1.00 0.00 0.00 5.67 5.50 0.00 0.00 0.00 0.00 5.57 3.33 0.00 0.00 3.33 2.00 0.00 0.00 0.00 0.00 4.80 4.80 0.00 0.00 4.00 11.00 0.00 0.00 0.00 0.00 1.33 1.00 0.00 0.00 3.00 8.33 0.00 0.00 0.00 0.00 2.25 3.50 0.00 0.00 3.00 2.60 0.00 0.00 0.00 0.00 3.50 5.80 0.00 0.00 3.67 1.00 0.00 0.00 0.00 0.00 1.00 2.33 0.00 0.00 0.00 0.00 0.00 0.00 0.00 0.00 1.00 0.00 0.00 0.00 0.00 0.25 0.25 0.00 0.00 0.00 0.00 0.00 0.00 0.00 0.00 0.00 0.00 0.00 0.00 0.00
0.00 0.00 0.00 0.00 0.67 1.80 0.00 0.00 0.00 0.00 1.50 1.00 0.00 0.00 0.00 0.00 3.00 2.75 0.00 0.00 2.80 5.00 0.00 0.00 0.00 0.00 3.00 0.00 0.00 0.00 1.00 3.17 0.00 0.00 0.00 0.00 3.00 2.00 0.00 0.00 3.00 0.00 0.00 0.00 0.00 0.00 1.00 6.00 0.00 0.00 2.40 7.00 0.00 0.00 0.00 0.00 4.00 0.50 0.00 0.00 4.20 4.60 0.00 0.00 0.00 0.00 3.00 3.00 0.00 0.00 3.00 0.75 0.00 0.00 0.00 0.00 3.40 5.80 0.00 0.00 0.00 2.20 0.00 0.00 0.00 0.00 1.67 1.33 0.00 0.00 0.00 0.00 0.67 1.50 0.00 0.00 0.00 0.00 0.00 0.00 0.00 0.00 0.00 0.00 0.00 0.00 0.00 0.00 0.00 0.00 0.00 0.00 0.00 0.00 0.00 0.00
0.00 0.00 0.00 0.00 1.00 1.00 0.00 0.00 0.00 0.00 0.25 0.00 0.00 0.00 0.00 0.00 3.25 0.50 0.00 0.00 2.33 4.50 0.00 0.00 0.00 0.00 3.50 2.67 0.00 0.00 5.00 2.29 0.00 0.00 0.00 0.00 4.00 0.00 0.00 0.00 8.00 1.50 0.00 0.00 0.00 0.00 5.29 4.67 0.00 0.00 3.20 2.50 0.00 0.00 0.00 0.00 4.00 6.00 0.00 0.00 4.00 3.67 0.00 0.00 0.00 0.00 3.67 4.75 0.00 0.00 6.60 2.33 0.00 0.00 0.00 0.00 3.20 5.00 0.00 0.00 3.00 0.00 0.00 0.00 0.00 0.00 0.00 1.00 0.00 0.00 0.00 0.00 0.33 0.20 0.00 0.00 0.00 0.00 0.00 0.00 0.00 0.00 0.00 0.00 0.00 0.00 0.00 0.00 0.00 0.00 0.00 0.00 0.00 0.00 0.00 0.00
0.00 0.00 0.00 0.00 1.50 3.00 0.00 0.00 0.00 0.00 0.00 0.71 0.00 0.00 0.00 0.00 2.67 11.00 0.00 0.00 4.33 2.50 0.00 0.00 0.00 0.00 3.00 4.00 0.00 0.00 2.60 2.33 0.00 0.00 0.00 0.00 1.67 1.33 0.00 0.00 5.00 5.00 0.00 0.00 0.00 0.00 3.50 3.00 0.00 0.00 5.00 3.00 0.00 0.00 0.00 0.00 0.00 5.67 0.00 0.00 6.00 0.00 0.00 0.00 0.00 0.00 2.33 0.00 0.00 0.00 6.50 1.33 0.00 0.00 0.00 0.00 2.50 3.33 0.00 0.00 3.00 1.00 0.00 0.00 0.00 0.00 2.00 1.00 0.00 0.00 0.00 0.00 0.50 0.00 0.00 0.00 0.00 0.00 0.00 0.00 0.00 0.00 0.00 0.00 0.50 0.33 0.00 0.00 0.00 0.00 0.00 0.00 0.00 0.00 0.00 0.00
0.00 0.00 0.00 1.00 1.75 0.00 0.00 0.00 0.00 0.00 2.00 3.00 0.00 0.00 0.00 0.00 4.00 4.00 0.00 0.00 6.33 4.00 0.00 0.00 0.00 0.00 2.67 3.67 0.00 0.00 0.50 2.67 0.00 0.00 0.00 0.00 2.00 5.40 0.00 0.00 2.20 3.22 0.00 0.00 0.00 0.00 2.80 2.00 0.00 0.00 0.00 1.00 0.00 0.00 0.00 0.00 3.25 3.00 0.00 0.00 6.60 4.00 0.00 0.00 0.00 0.00 2.62 4.75 0.00 0.00 5.00 3.00 0.00 0.00 0.00 0.00 5.00 2.00 0.00 0.00 2.67 5.00 0.00 0.00 0.00 0.00 1.25 1.00 0.00 0.00 0.00 0.00 0.00 0.00 0.67 0.00 0.25 0.00 0.00 0.17 0.00 0.00 0.00 0.00 0.00 0.00 0.00 0.00 0.00 0.00 0.33 0.00 0.00 0.00 0.00 0.00
0.00 0.00 0.00 0.67 1.90 0.00 0.00 0.00 0.00 0.00 3.33 0.00 0.00 0.00 0.00 0.00 2.83 3.25 0.00 0.00 3.62 6.50 0.00 0.00 0.00 0.00 3.00 5.25 0.00 0.00 5.00 4.00 0.00 0.00 0.00 0.00 3.00 3.75 0.00 0.00 5.00 1.50 0.00 0.00 0.00 0.00 2.75 5.50 0.00 0.00 3.00 4.33 0.00 0.00 0.00 0.00 5.00 5.00 0.00 0.00 3.00 9.00 0.00 0.00 0.00 0.00 4.00 4.00 0.00 0.00 6.00 3.50 0.00 0.00 0.00 0.00 5.00 2.57 0.00 0.00 7.00 1.50 0.00 0.00 0.00 0.00 0.25 1.00 0.00 0.00 0.00 0.00 0.00 0.00 0.00 0.00 0.17 0.00 0.00 0.00 0.00 0.00 0.00 0.00 0.00 0.00 0.00 0.00 0.00 0.00 0.00 0.00 0.00 0.00 0.00 0.00
0.00 0.00 0.00 1.00 0.33 0.00 0.00 0.00 0.00 0.00 0.00 0.00 4.00 4.50 2.60 3.80 0.00 0.00 0.00 0.00 0.00 0.00 7.00 3.00 5.00 0.00 0.00 0.00 0.00 0.00 0.00 0.00 2.00 1.50 2.50 2.50 0.00 0.00 0.00 0.00 0.00 0.00 3.40 2.67 2.40 3.50 0.00 0.00 0.00 0.00 0.00 0.00 6.33 5.67 6.00 6.50 0.00 0.00 0.00 0.00 0.00 0.00 3.00 4.60 3.00 4.33 0.00 0.00 0.00 0.00 0.00 0.00 3.00 3.33 4.00 3.00 0.00 0.00 0.00 0.00 0.00 0.00 5.00 1.75 1.33 1.75 0.00 0.00 0.00 0.00 0.00 0.00 0.00 0.50 0.00 0.00 0.00 0.00 0.00 0.00 0.00 0.00 0.00 0.00 0.00 0.00 0.00 0.00 0.00 0.00 0.00 0.00 0.00 0.00 0.00 0.00
0.00 0.00 0.00 1.00 1.00 0.00 0.00 0.00 0.00 0.00 0.00 0.00 4.00 3.67 5.80 1.00 0.00 0.00 0.00 0.00 0.00 0.00 1.00 2.00 3.00 3.00 0.00 0.00 0.00 0.00 0.00 0.00 2.00 3.00 7.00 1.50 0.00 0.00 0.00 0.00 0.00 0.00 5.40 2.33 3.33 2.50 0.00 0.00 0.00 0.00 0.00 0.00 4.00 5.00 5.00 7.00 0.00 0.00 0.00 0.00 0.00 0.00 11.00 6.00 9.00 9.00 0.00 0.00 0.00 0.00 0.00 0.00 4.20 3.25 6.00 2.62 0.00 0.00 0.00 0.00 0.00 0.00 3.17 3.00 2.40 1.29 0.00 0.00 0.00 0.00 0.00 0.00 0.25 0.67 0.00 0.00 0.00 0.00 0.00 0.00 0.00 0.00 0.00 0.00 0.00 0.00 0.00 0.00 0.00 0.00 0.00 0.00 0.00 0.00 0.00 0.00
0.00 0.00 0.00 2.67 1.00 0.00 0.00 0.00 0.00 0.00 0.00 0.00 0.00 0.00 0.00 0.00 0.00 0.00 0.00 0.00 0.00 0.00 0.00 0.00 0.00 0.00 0.00 0.00 0.00 0.00 0.00 0.00 0.00 0.00 0.00 0.00 0.00 0.00 0.00 0.00 0.00 0.00 0.00 0.00 0.00 0.00 0.00 0.00 0.00 0.00 0.00 0.00 0.00 0.00 0.00 0.00 0.00 0.00 0.00 0.00 0.00 0.00 0.00 0.00 0.00 0.00 0.00 0.00 0.00 0.00 0.00 0.00 0.00 0.00 0.00 0.00 0.00 0.00 0.00 0.00 0.00 0.00 0.00 0.00 0.00 0.00 0.00 0.00 0.00 0.00 0.00 0.00 0.50 0.67 0.00 0.00 0.00 0.00 0.00 0.00 0.00 0.00 0.00 0.00 0.00 0.00 0.00 0.00 0.00 0.00 0.00 0.00 0.00 0.00 0.00 0.00
0.00 0.00 0.00 1.00 1.00 0.00 0.00 0.00 0.00 0.00 0.00 0.00 0.00 0.00 0.00 0.00 0.00 0.00 0.00 0.00 0.00 0.00 0.00 0.00 0.00 0.00 0.00 0.00 0.00 0.00 0.00 0.00 0.00 0.00 0.00 0.00 0.00 0.00 0.00 0.00 0.00 0.00 0.00 0.00 0.00 0.00 0.00 0.00 0.00 0.00 0.00 0.00 0.00 0.00 0.00 0.00 0.00 0.00 0.00 0.00 0.00 0.00 0.00 0.00 0.00 0.00 0.00 0.00 0.00 0.00 0.00 0.00 0.00 0.00 0.00 0.00 0.00 0.00 0.00 0.00 0.00 0.00 0.00 0.00 0.00 0.00 0.00 0.00 0.00 0.00 0.00 0.00 0.00 0.00 0.00 0.00 0.00 0.00 0.00 0.00 0.00 0.00 0.00 0.00 0.00 0.00 0.00 0.00 0.00 0.00 0.00 0.00 0.00 0.00 0.00 0.00
0.00 0.00 0.00 5.00 1.00 0.00 0.00 0.00 0.00 0.00 0.00 0.00 0.00 0.00 0.00 0.00 0.00 0.00 0.00 0.00 0.00 0.00 0.00 0.00 0.00 0.00 0.00 0.00 0.00 0.00 0.00 0.00 0.00 0.00 0.00 0.00 0.00 0.00 0.00 0.00 0.00 0.00 0.00 0.00 0.00 0.00 0.00 0.00 0.00 0.00 0.00 0.00 0.00 0.00 0.00 0.00 0.00 0.00 0.00 0.00 0.00 0.00 0.00 0.00 0.00 0.00 0.00 0.00 0.00 0.00 0.00 0.00 0.00 0.00 0.00 0.00 0.00 0.00 0.00 0.00 0.00 0.00 0.00 0.00 0.00 0.00 0.00 0.00 0.00 0.00 0.00 0.00 0.00 0.00 0.00 0.33 0.00 0.00 0.00 0.00 0.00 0.00 0.00 0.00 0.00 0.00 0.00 0.00 0.00 0.00 0.00 0.00 0.00 0.00 0.00 0.00
0.00 0.00 0.00 1.60 4.75 0.00 0.00 0.00 0.00 0.00 0.00 0.00 0.00 0.00 0.00 0.00 0.00 0.00 0.00 0.00 0.00 0.00 0.00 0.00 0.00 0.00 0.00 0.00 0.00 0.00 0.00 0.00 0.00 0.00 0.00 0.00 0.00 0.00 0.00 0.00 0.00 0.00 0.00 0.00 0.00 0.00 0.00 0.00 0.00 0.00 0.00 0.00 0.00 0.00 0.00 0.00 0.00 0.00 0.00 0.00 0.00 0.00 0.00 0.00 0.00 0.00 0.00 0.00 0.00 0.00 0.00 0.00 0.00 0.00 0.00 0.00 0.00 0.00 0.00 0.00 0.00 0.00 0.00 0.00 0.00 0.00 0.00 0.00 0.00 0.00 0.00 0.00 0.00 0.00 0.00 0.00 0.00 0.00 0.00 0.00 0.00 0.00 0.00 0.00 0.00 0.00 0.00 0.00 0.00 0.00 0.00 0.00 0.00 0.00 0.00 0.00
0.00 0.00 0.00 1.67 0.50 0.00 0.00 0.00 0.00 0.00 0.00 0.00 0.00 0.00 0.00 0.00 0.00 0.00 0.00 0.00 0.00 0.00 0.00 0.00 0.00 0.00 0.00 0.00 0.00 0.00 0.00 0.00 0.00 0.00 0.00 0.00 0.00 0.00 0.00 0.00 0.00 0.00 0.00 0.00 0.00 0.00 0.00 0.00 0.00 0.00 0.00 0.00 0.00 0.00 0.00 0.00 0.00 0.00 0.00 0.00 0.00 0.00 0.00 0.00 0.00 0.00 0.00 0.00 0.00 0.00 0.00 0.00 0.00 0.00 0.00 0.00 0.00 0.00 0.00 0.00 0.00 0.00 0.00 0.00 0.00 0.00 0.00 0.00 0.00 0.00 0.00 0.00 0.00 0.00 0.00 0.00 0.00 0.00 0.00 0.00 0.00 0.00 0.00 0.00 0.00 0.00 0.00 0.00 0.00 0.00 0.00 0.00 0.00 0.00 0.00 0.00
0.00 0.00 0.00 1.50 1.50 0.00 0.00 0.00 0.00 0.00 0.00 0.00 0.00 0.00 0.00 0.00 0.00 0.00 0.00 0.00 0.00 0.00 0.00 0.00 0.00 0.00 0.00 0.00 0.00 0.00 0.00 0.00 0.00 0.00 0.00 0.00 0.00 0.00 0.00 0.00 0.00 0.00 0.00 0.00 0.00 0.00 0.00 0.00 0.00 0.00 0.00 0.00 0.00 0.00 0.00 0.00 0.00 0.00 0.00 0.00 0.00 0.00 0.00 0.00 0.00 0.00 0.00 0.00 0.00 0.00 0.00 0.00 0.00 0.00 0.00 0.00 0.00 0.00 0.00 0.00 0.00 0.00 0.00 0.00 0.00 0.00 0.00 0.00 0.00 0.00 0.00 0.00 0.17 0.25 0.00 0.00 0.00 0.00 0.00 0.00 0.00 0.00 0.00 0.00 0.00 0.00 0.00 0.00 0.00 0.00 0.00 0.00 0.00 0.00 0.00 0.00
0.00 0.00 0.00 1.75 1.75 0.00 0.00 0.00 0.00 0.00 0.00 0.00 3.00 1.67 3.25 4.00 3.60 5.00 4.00 6.50 1.33 3.80 5.00 3.57 2.00 2.00 2.67 2.67 1.00 3.00 0.67 1.00 6.33 1.25 2.00 2.33 2.00 3.25 1.50 1.40 1.33 0.00 0.00 1.67 1.33 5.00 1.20 3.00 1.40 0.00 3.00 3.00 1.50 3.50 5.00 1.71 7.00 1.00 2.67 2.00 0.50 0.50 0.00 5.00 5.00 0.00 4.67 12.00 0.00 0.00 0.00 0.00 0.00 0.00 0.00 0.00 0.00 0.00 0.00 0.00 0.00 0.00 0.00 0.00 0.00 0.00 0.00 0.00 0.00 0.00 0.00 0.00 0.00 0.00 0.00 0.00 0.00 0.00 0.00 0.00 0.00 0.00 0.00 0.00 0.00 0.00 0.00 0.00 0.00 0.00 0.00 0.00 0.00 0.00 0.00 0.00
0.00 0.00 0.00 0.50 0.50 0.00 0.00 0.00 0.00 0.00 0.00 0.00 5.80 5.00 1.50 4.33 4.00 2.67 4.00 5.67 1.25 1.25 2.50 6.33 2.25 0.50 2.67 1.25 1.00 0.33 3.00 0.00 1.00 2.50 1.00 0.00 1.33 2.43 0.80 1.60 1.33 1.43 2.00 5.00 0.67 5.00 2.50 0.00 2.50 1.50 0.33 0.50 0.50 2.00 2.80 2.00 4.20 3.00 5.67 3.00 3.75 2.00 4.33 1.83 6.33 9.00 4.00 7.00 0.00 0.00 0.00 0.00 0.00 0.00 0.00 0.00 0.00 0.00 0.00 0.00 0.00 0.00 0.00 0.00 0.00 0.00 0.00 0.00 0.00 0.00 0.00 0.00 0.00 0.00 0.17 0.00 0.00 0.00 0.00 0.00 0.00 0.00 0.00 0.00 0.00 0.00 0.00 0.00 0.00 0.00 0.00 0.00 0.00 0.00 0.00 0.00
0.00 0.00 0.00 1.00 0.67 0.00 0.00 0.00 0.00 0.00 3.00 2.20 0.00 0.00 0.00 0.00 0.00 0.00 0.00 0.00 0.00 0.00 0.00 0.00 0.00 0.00 0.00 0.00 0.00 0.00 0.00 0.00 0.00 0.00 0.00 0.00 0.00 0.00 0.00 0.00 0.00 0.00 0.00 0.00 0.00 0.00 0.00 0.00 0.00 0.00 0.00 0.00 0.00 0.00 0.00 0.00 0.00 0.00 0.00 0.00 0.00 0.00 0.00 0.00 0.00 0.00 0.00 0.00 4.25 9.00 0.00 0.00 0.00 0.00 0.00 0.00 0.00 0.00 0.00 0.00 0.00 0.00 0.00 0.00 0.00 0.00 0.00 0.00 0.00 0.00 0.00 0.00 0.00 0.25 0.00 0.00 0.00 0.00 0.00 0.00 0.00 0.00 0.00 0.00 0.00 0.00 0.00 0.00 0.00 0.00 0.00 0.00 0.00 0.00 0.00 0.00
0.00 0.00 0.00 5.00 0.00 0.00 0.00 0.00 0.00 0.00 6.00 4.00 0.00 0.00 0.00 0.00 0.00 0.00 0.00 0.00 0.00 0.00 0.00 0.00 0.00 0.00 0.00 0.00 0.00 0.00 0.00 0.00 0.00 0.00 0.00 0.00 0.00 0.00 0.00 0.00 0.00 0.00 0.00 0.00 0.00 0.00 0.00 0.00 0.00 0.00 0.00 0.00 0.00 0.00 0.00 0.00 0.00 0.00 0.00 0.00 0.00 0.00 0.00 0.00 0.00 0.00 0.00 0.00 7.00 2.75 0.00 0.00 0.00 0.00 0.00 0.00 0.00 0.00 0.00 0.00 0.00 0.00 0.00 0.00 0.00 0.00 0.00 0.00 0.00 0.00 0.00 0.00 0.00 0.00 0.00 0.00 0.00 0.00 0.00 0.00 0.00 0.00 0.00 0.00 0.00 0.00 0.00 0.00 0.00 0.00 0.00 0.00 0.00 0.00 0.00 0.00
0.00 0.00 0.00 2.33 2.80 0.00 0.00 0.00 0.00 0.00 3.00 2.33 0.00 0.00 0.00 0.00 0.00 0.00 0.00 0.00 0.00 0.00 0.00 0.00 0.00 0.00 0.00 0.00 0.00 0.00 0.00 0.00 0.00 0.00 0.00 0.00 0.00 0.00 0.00 0.00 0.00 0.00 0.00 0.00 0.00 0.00 0.00 0.00 0.00 0.00 0.00 0.00 0.00 0.00 0.00 0.00 0.00 0.00 0.00 0.00 0.00 0.00 0.00 0.00 0.00 0.00 0.00 0.00 4.75 3.50 0.00 0.00 0.00 0.00 0.00 0.00 0.00 0.00 0.00 0.00 0.00 0.00 0.00 0.00 0.00 0.00 0.00 0.00 0.00 0.00 0.00 0.00 0.00 0.00 0.00 0.00 0.00 0.00 0.00 0.00 0.00 0.00 0.00 0.00 0.00 0.00 0.00 0.00 0.00 0.00 0.00 0.00 0.00 0.00 0.00 0.00
0.00 0.00 0.00 2.00 0.80 0.00 0.00 0.00 0.00 0.00 0.00 0.00 2.00 4.14 2.00 5.00 9.00 2.67 1.43 2.00 3.00 4.67 3.75 0.50 1.67 2.33 2.43 2.33 3.00 1.50 0.00 0.50 3.33 2.67 2.57 2.67 2.86 3.80 1.40 0.00 0.50 2.00 4.40 3.00 1.00 1.67 6.00 5.00 2.67 3.00 2.00 2.00 3.25 0.00 1.67 1.17 2.50 1.00 1.00 5.80 3.00 2.33 3.00 4.33 4.33 2.00 6.33 2.00 0.00 0.00 0.00 0.00 0.00 0.00 0.00 0.00 0.00 0.00 0.00 0.00 0.00 0.00 0.00 0.00 0.00 0.00 0.00 0.00 0.00 0.00 0.00 0.00 0.00 0.00 0.00 0.00 0.00 0.00 0.00 0.00 0.00 0.00 0.00 0.00 0.00 0.00 0.00 0.00 0.00 0.00 0.00 0.00 0.00 0.00 0.00 0.00
0.00 0.00 0.00 0.83 0.88 0.00 0.00 0.00 0.00 0.00 0.00 0.00 3.00 3.25 1.80 0.50 3.00 2.67 3.00 2.56 4.00 4.60 4.40 0.00 1.00 1.00 2.00 0.50 4.00 2.60 1.67 2.67 4.33 6.00 0.00 2.40 1.00 0.00 5.00 2.50 3.00 3.00 5.00 2.00 1.50 5.67 0.50 4.50 3.00 3.60 4.00 5.00 1.33 5.67 4.40 9.00 7.00 3.80 1.00 5.67 4.00 2.33 4.00 2.33 7.00 3.00 3.00 3.25 0.00 0.00 0.00 0.00 0.00 0.00 0.00 0.00 0.00 0.00 0.00 0.00 0.00 0.00 0.00 0.00 0.00 0.00 0.00 0.00 0.00 0.00 0.00 0.00 0.00 0.00 0.00 0.00 0.00 0.00 0.00 0.00 0.00 0.00 0.00 0.00 0.00 0.00 0.00 0.00 0.00 0.00 0.00 0.00 0.00 0.00 0.00 0.00
0.00 0.00 0.00 0.00 2.00 0.00 0.00 0.00 0.00 0.00 0.00 0.00 0.00 0.00 0.00 0.00 0.00 0.00 0.00 0.00 0.00 0.00 0.00 0.00 0.00 0.00 0.00 0.00 0.00 0.00 0.00 0.00 0.00 0.00 0.00 0.00 0.00 0.00 0.00 0.00 0.00 0.00 0.00 0.00 0.00 0.00 0.00 0.00 0.00 0.00 0.00 0.00 0.00 0.00 0.00 0.00 0.00 0.00 0.00 0.00 0.00 0.00 0.00 0.00 0.00 0.00 0.00 0.00 0.00 0.00 0.00 0.00 0.00 0.00 0.00 0.00 0.00 0.00 0.00 0.00 0.00 0.00 0.00 0.00 0.00 0.00 0.00 0.00 0.00 0.00 0.00 0.00 0.00 0.00 0.00 0.00 0.00 0.00 0.00 0.00 0.00 0.00 0.00 0.00 0.00 0.00 0.00 0.00 0.00 0.00 0.00 0.00 0.00 0.00 0.00 0.00
0.00 0.00 0.00 1.00 1.62 0.86 5.00 3.00 3.00 5.80 0.00 1.00 5.25 0.50 3.25 1.00 2.25 2.67 4.00 4.20 1.00 3.00 5.00 1.67 3.67 0.50 0.00 3.50 0.50 2.00 4.33 0.00 3.00 4.00 2.00 0.00 3.80 4.00 5.00 4.00 2.20 5.00 1.67 1.75 3.00 2.83 3.00 1.00 1.50 2.20 2.60 0.50 3.71 3.00 3.50 2.50 5.50 2.50 1.50 6.00 2.20 5.40 4.00 5.25 0.00 3.86 7.00 1.00 11.00 3.67 1.00 7.40 3.67 2.83 0.00 3.00 1.71 0.40 2.20 1.00 0.00 0.25 0.50 0.00 0.00 0.00 0.00 0.00 0.00 0.00 0.00 0.00 0.00 0.00 0.00 0.00 0.00 0.00 0.00 0.00 0.00 0.00 0.00 0.00 0.00 0.00 0.00 0.00 0.00 0.00 0.00 0.00 0.00 0.00 0.00 0.00
0.00 0.00 0.00 1.00 0.00 2.33 3.17 1.00 8.00 1.00 3.00 1.40 1.50 2.60 2.38 2.60 3.00 1.33 2.25 3.67 2.75 3.00 9.00 2.50 1.67 2.00 2.33 0.80 1.00 3.60 2.50 5.50 2.67 3.20 1.17 4.33 2.83 6.00 2.00 3.17 3.60 1.00 3.00 3.00 2.33 1.50 1.00 2.50 1.40 1.60 3.00 0.00 3.50 3.88 4.20 3.00 4.00 3.25 5.40 5.00 8.33 3.50 3.60 1.00 1.33 6.33 7.00 2.00 3.00 3.67 1.50 2.00 4.25 2.50 1.40 0.33 0.00 0.00 2.40 0.50 1.00 0.17 0.00 0.29 0.00 0.00 0.00 0.00 0.00 0.00 0.00 0.00 0.00 0.00 0.00 0.00 0.00 0.00 0.00 0.00 0.00 0.00 0.00 0.00 0.00 0.00 0.00 0.00 0.00 0.00 0.00 0.00 0.00 0.00 0.00 0.00
0.00 0.00 0.00 0.00 0.00 0.00 0.00 0.00 0.00 0.00 0.00 0.00 0.00 0.00 0.00 0.00 0.00 0.00 0.00 0.00 0.00 0.00 0.00 0.00 0.00 0.00 0.00 0.00 0.00 0.00 0.00 0.00 0.00 0.00 0.00 0.00 0.00 0.00 0.00 0.00 0.00 0.00 0.00 0.00 0.00 0.00 0.00 0.00 0.00 0.00 0.00 0.00 0.00 0.00 0.00 0.00 0.00 0.00 0.00 0.00 0.00 0.00 0.00 0.00 0.00 0.00 0.00 0.00 0.00 0.00 0.00 0.00 0.00 0.00 0.00 0.00 0.00 0.00 0.00 0.00 0.00 0.00 0.00 0.00 0.00 0.00 0.00 0.00 0.00 0.00 0.00 0.00 0.00 0.00 0.00 0.00 0.00 0.00 0.00 0.00 0.00 0.00 0.00 0.00 0.00 0.00 0.00 0.00 0.00 0.00 0.00 0.00 0.00 0.00 0.00 0.00
0.00 0.00 0.00 0.00 0.00 0.00 0.00 0.00 0.00 0.00 0.00 0.00 0.00 0.00 0.00 0.00 0.00 0.00 0.00 0.00 0.00 0.00 0.00 0.00 0.00 0.00 0.00 0.00 0.00 0.00 0.00 0.00 0.00 0.00 0.00 0.00 0.00 0.00 0.00 0.00 0.00 0.00 0.00 0.00 0.00 0.00 0.00 0.00 0.00 0.00 0.00 0.00 0.00 0.00 0.00 0.00 0.00 0.00 0.00 0.00 0.00 0.00 0.00 0.00 0.00 0.00 0.00 0.00 0.00 0.00 0.00 0.00 0.00 0.00 0.00 0.00 0.00 0.00 0.00 0.00 0.00 0.00 0.00 0.00 0.00 0.00 0.00 0.00 0.00 0.00 0.00 0.00 0.00 0.00 0.00 0.00 0.00 0.00 0.00 0.00 0.00 0.00 0.00 0.00 0.00 0.00 0.00 0.00 0.00 0.00 0.00 0.00 0.00 0.00 0.00 0.00
0.00 0.00 0.00 0.00 0.00 0.00 0.00 0.00 0.00 0.00 0.00 0.00 0.00 0.00 0.00 0.00 0.00 0.00 0.00 0.00 0.00 0.00 0.00 0.00 0.00 0.00 0.00 0.00 0.00 0.00 0.00 0.00 0.00 0.00 0.00 0.00 0.00 0.00 0.00 0.00 0.00 0.00 0.00 0.00 0.00 0.00 0.00 0.00 0.00 0.00 0.00 0.00 0.00 0.00 0.00 0.00 0.00 0.00 0.00 0.00 0.00 0.00 0.00 0.00 0.00 0.00 0.00 0.00 0.00 0.00 0.00 0.00 0.00 0.00 0.00 0.00 0.00 0.00 0.00 0.00 0.00 0.00 0.00 0.00 0.00 0.00 0.00 0.00 0.00 0.00 0.00 0.00 0.00 0.00 0.00 0.00 0.00 0.00 0.00 0.00 0.00 0.00 0.00 0.00 0.00 0.00 0.00 0.00 0.00 0.00 0.00 0.00 0.00 0.00 0.00 0.00
